
Call:
FAMD(base = in_dat) 


Eigenvalues
                      Dim.1  Dim.2  Dim.3  Dim.4  Dim.5
Variance              6.564  4.873  1.819  1.499  1.162
% of var.            12.384  9.195  3.433  2.828  2.192
Cumulative % of var. 12.384 21.579 25.012 27.840 30.032

Individuals (the 10 first)
                              Dist    Dim.1    ctr   cos2    Dim.2    ctr   cos2    Dim.3    ctr   cos2  
1                         |  6.558 | -0.812  0.234  0.015 | -0.049  0.001  0.000 | -0.280  0.100  0.002 |
2                         |  7.219 |  1.740  1.073  0.058 |  2.558  3.123  0.126 | -1.594  3.248  0.049 |
3                         |  6.611 | -0.720  0.184  0.012 | -1.161  0.643  0.031 | -0.411  0.216  0.004 |
4                         | 15.269 | 14.856 78.198  0.947 |  0.316  0.048  0.000 |  1.950  4.859  0.016 |
5                         |  6.933 | -0.972  0.334  0.020 |  2.390  2.725  0.119 |  0.259  0.086  0.001 |
6                         |  6.712 | -0.918  0.298  0.019 |  1.630  1.268  0.059 |  0.021  0.001  0.000 |
7                         |  6.744 |  1.231  0.537  0.033 | -0.028  0.000  0.000 | -0.223  0.063  0.001 |
8                         |  6.710 | -0.693  0.170  0.011 | -1.714  1.402  0.065 | -0.521  0.347  0.006 |
9                         |  6.537 | -0.810  0.232  0.015 | -0.198  0.019  0.001 | -0.271  0.094  0.002 |
10                        |  6.662 | -0.687  0.167  0.011 | -1.463  1.021  0.048 | -0.473  0.286  0.005 |

Continuous variables (the 10 first)
                             Dim.1    ctr   cos2    Dim.2    ctr   cos2    Dim.3    ctr   cos2  
qCount                    |  0.990 14.928  0.980 |  0.022  0.010  0.001 |  0.053  0.154  0.003 |
aCount                    |  0.992 14.981  0.983 |  0.038  0.030  0.001 |  0.049  0.132  0.002 |
qFreq                     |  0.908 12.550  0.824 |  0.016  0.005  0.000 | -0.021  0.024  0.000 |
aFreq                     |  0.938 13.404  0.880 |  0.055  0.062  0.003 | -0.010  0.006  0.000 |
qaRatio                   | -0.411  2.578  0.169 | -0.271  1.506  0.073 |  0.860 40.692  0.740 |
varPacket                 | -0.075  0.085  0.006 |  0.972 19.390  0.945 |  0.086  0.402  0.007 |
avgPacket                 | -0.077  0.090  0.006 |  0.975 19.522  0.951 |  0.028  0.044  0.001 |
varUDP                    | -0.075  0.085  0.006 |  0.972 19.390  0.945 |  0.086  0.402  0.007 |
avgUDP                    | -0.077  0.090  0.006 |  0.975 19.522  0.951 |  0.028  0.044  0.001 |
avgTimeBtwn               |  0.935 13.323  0.874 |  0.040  0.032  0.002 |  0.116  0.738  0.013 |

Categories (the 10 first)
                             Dim.1    ctr   cos2 v.test    Dim.2    ctr   cos2 v.test    Dim.3    ctr   cos2 v.test  
aax.amazon-adsystem.com.  | -1.742  0.164  0.047 -0.680 | -2.545  0.634  0.101 -1.153 |  5.387 20.387  0.453  3.994 |
alb.reddit.com.           | -0.876  0.041  0.017 -0.342 |  0.978  0.094  0.021  0.443 | -0.040  0.001  0.000 -0.030 |
api.imgur.com.            |  1.231  0.082  0.033  0.481 | -0.028  0.000  0.000 -0.012 | -0.223  0.035  0.001 -0.165 |
a.thumbs.redditmedia.com. | -0.812  0.036  0.015 -0.317 | -0.049  0.000  0.000 -0.022 | -0.280  0.055  0.002 -0.208 |
backend.deviantart.com.   | -1.141  0.070  0.019 -0.445 |  5.306  2.757  0.418  2.404 |  0.752  0.397  0.008  0.557 |
bigthink.com.             | -0.615  0.020  0.007 -0.240 | -3.159  0.977  0.191 -1.431 | -0.677  0.322  0.009 -0.502 |
b.thumbs.redditmedia.com. | -0.812  0.036  0.015 -0.317 | -0.049  0.000  0.000 -0.022 | -0.280  0.055  0.002 -0.208 |
c.amazon-adsystem.com.    | -0.962  0.050  0.019 -0.375 |  2.222  0.483  0.103  1.006 |  0.116  0.010  0.000  0.086 |
daily.bandcamp.com.       | -0.697  0.026  0.011 -0.272 | -0.836  0.068  0.016 -0.379 | -0.354  0.088  0.003 -0.262 |
d.reddit.com.             | 14.856 11.914  0.943  5.799 |  0.316  0.010  0.000  0.143 |  1.950  2.671  0.016  1.445 |
[1] "################################\n###########################\n###################\n"
Importance of components:
                             Comp.1       Comp.2       Comp.3       Comp.4       Comp.5       Comp.6       Comp.7       Comp.8       Comp.9 Comp.10 Comp.11 Comp.12
Standard deviation     4758.2408840 1.295652e+01 1.130451e+01 1.434739e+00 7.469772e-01 3.617986e-01 1.775246e-01 5.636225e-02 1.343203e-02       0       0       0
Proportion of Variance    0.9999868 7.414436e-06 5.644229e-06 9.091739e-08 2.464428e-08 5.781428e-09 1.391934e-09 1.403066e-10 7.968653e-12       0       0       0
Cumulative Proportion     0.9999868 9.999942e-01 9.999999e-01 1.000000e+00 1.000000e+00 1.000000e+00 1.000000e+00 1.000000e+00 1.000000e+00       1       1       1

Loadings:
            Comp.1 Comp.2 Comp.3 Comp.4 Comp.5 Comp.6 Comp.7 Comp.8 Comp.9 Comp.10 Comp.11 Comp.12
qCount                    -0.784  0.518  0.211  0.238                                             
aCount                    -0.567 -0.473 -0.402 -0.519  0.119                                      
qFreq                             0.168        -0.153 -0.482  0.785  0.312                        
aFreq                                          -0.244 -0.800 -0.528                               
qaRatio                                  0.808 -0.571  0.130                                      
varPacket    0.707                                                                  0.707         
avgPacket          -0.704                                                                   0.707 
varUDP       0.707                                                                 -0.707         
avgUDP             -0.704                                                                  -0.707 
avgTimeBtwn                                            0.119 -0.307  0.940                        
varTimeBtwn               -0.223 -0.683  0.375  0.511 -0.277                                      
diffPorts                                                                   1.000                 

               Comp.1 Comp.2 Comp.3 Comp.4 Comp.5 Comp.6 Comp.7 Comp.8 Comp.9 Comp.10 Comp.11 Comp.12
SS loadings     1.000  1.000  1.000  1.000  1.000  1.000  1.000  1.000  1.000   1.000   1.000   1.000
Proportion Var  0.083  0.083  0.083  0.083  0.083  0.083  0.083  0.083  0.083   0.083   0.083   0.083
Cumulative Var  0.083  0.167  0.250  0.333  0.417  0.500  0.583  0.667  0.750   0.833   0.917   1.000
[1] "################################\n###########################\n###################\n"

Call:
FAMD(base = out_dat) 


Eigenvalues
                      Dim.1  Dim.2  Dim.3  Dim.4  Dim.5
Variance              6.985  3.655  2.709  2.381  1.208
% of var.            15.522  8.123  6.019  5.290  2.685
Cumulative % of var. 15.522 23.644 29.663 34.953 37.639

Individuals (the 10 first)
                                 Dist    Dim.1    ctr   cos2    Dim.2    ctr   cos2    Dim.3    ctr   cos2  
1                            |  5.809 | -0.646  0.176  0.012 | -0.588  0.278  0.010 |  0.149  0.024  0.001 |
2                            |  6.013 |  0.327  0.045  0.003 | -1.934  3.010  0.103 | -0.238  0.061  0.002 |
3                            |  8.260 | -2.754  3.195  0.111 |  3.556 10.178  0.185 | -1.936  4.069  0.055 |
4                            |  7.656 | -0.597  0.150  0.006 | -1.318  1.398  0.030 | -2.567  7.153  0.112 |
5                            |  6.029 | -1.673  1.179  0.077 |  0.880  0.623  0.021 |  0.429  0.200  0.005 |
6                            |  6.704 | -2.106  1.867  0.099 |  3.192  8.200  0.227 |  0.472  0.242  0.005 |
7                            |  5.900 |  0.120  0.006  0.000 | -1.495  1.798  0.064 |  0.254  0.070  0.002 |
8                            | 11.045 |  7.430 23.243  0.452 |  0.758  0.463  0.005 |  7.596 62.652  0.473 |
9                            |  6.092 | -1.784  1.340  0.086 |  0.963  0.746  0.025 |  0.437  0.207  0.005 |
10                           |  5.855 | -0.180  0.014  0.001 | -1.261  1.279  0.046 | -0.084  0.008  0.000 |

Continuous variables (the 10 first)
                                Dim.1    ctr   cos2    Dim.2    ctr   cos2    Dim.3    ctr   cos2  
qCount                       |  0.830  9.867  0.689 |  0.467  5.956  0.218 | -0.297  3.256  0.088 |
aCount                       |  0.834  9.948  0.695 |  0.446  5.440  0.199 | -0.288  3.067  0.083 |
qFreq                        |  0.807  9.332  0.652 |  0.494  6.672  0.244 | -0.212  1.661  0.045 |
aFreq                        |  0.849 10.325  0.721 |  0.499  6.801  0.249 | -0.142  0.743  0.020 |
qaRatio                      | -0.767  8.433  0.589 | -0.203  1.128  0.041 | -0.283  2.954  0.080 |
varPacket                    | -0.638  5.830  0.407 |  0.724 14.338  0.524 |  0.151  0.841  0.023 |
avgPacket                    | -0.787  8.877  0.620 |  0.561  8.601  0.314 |  0.073  0.196  0.005 |
varUDP                       | -0.639  5.852  0.409 |  0.724 14.322  0.523 |  0.147  0.794  0.022 |
avgUDP                       | -0.780  8.713  0.609 |  0.556  8.445  0.309 |  0.097  0.345  0.009 |
avgTimeBtwn                  |  0.558  4.458  0.311 |  0.082  0.183  0.007 |  0.766 21.676  0.587 |

Categories (the 10 first)
                                Dim.1    ctr   cos2 v.test    Dim.2    ctr   cos2 v.test    Dim.3    ctr   cos2 v.test  
0.client-channel.google.com. |  0.612  0.023  0.010  0.232 | -2.421  1.290  0.155 -1.266 | -0.352  0.050  0.003 -0.214 |
abs.twimg.com.               | -2.754  0.457  0.111 -1.042 |  3.556  2.784  0.185  1.860 | -1.936  1.502  0.055 -1.176 |
analytics.twitter.com.       | -0.432  0.011  0.005 -0.163 |  0.629  0.087  0.012  0.329 | -0.169  0.011  0.001 -0.103 |
api.twitter.com.             |  0.120  0.001  0.000  0.045 | -1.495  0.492  0.064 -0.782 |  0.254  0.026  0.002  0.155 |
d.reddit.com.                | -0.597  0.022  0.006 -0.226 | -1.318  0.382  0.030 -0.689 | -2.567  2.641  0.112 -1.560 |
getpocket.cdn.mozilla.net.   | -1.098  0.073  0.035 -0.415 | -0.025  0.000  0.000 -0.013 |  0.199  0.016  0.001  0.121 |
getpocket.com.               | -0.070  0.000  0.000 -0.026 | -1.434  0.453  0.059 -0.750 | -0.129  0.007  0.000 -0.078 |
killsixbilliondemons.com.    |  0.265  0.004  0.002  0.100 | -1.870  0.770  0.098 -0.978 | -0.126  0.006  0.000 -0.076 |
paranatural.net.             |  0.327  0.006  0.003  0.124 | -1.934  0.823  0.103 -1.012 | -0.238  0.023  0.002 -0.144 |
pbs.twimg.com.               | -2.753  0.457  0.169 -1.041 |  2.513  1.390  0.141  1.314 |  0.834  0.279  0.015  0.507 |
[1] "################################\n###########################\n###################\n"
Importance of components:
                             Comp.1       Comp.2       Comp.3       Comp.4       Comp.5       Comp.6       Comp.7       Comp.8       Comp.9      Comp.10      Comp.11
Standard deviation     3283.8655326 4.789245e+01 2.245358e+01 1.259406e+01 2.066381e+00 8.325344e-01 3.011724e-01 1.043062e-01 1.410346e-02 1.143120e-04 1.165595e-06
Proportion of Variance    0.9997254 2.126396e-04 4.673921e-05 1.470420e-05 3.958501e-07 6.425610e-08 8.408921e-09 1.008626e-09 1.844002e-11 1.211417e-15 1.259521e-19
Cumulative Proportion     0.9997254 9.999381e-01 9.999848e-01 9.999995e-01 9.999999e-01 1.000000e+00 1.000000e+00 1.000000e+00 1.000000e+00 1.000000e+00 1.000000e+00
                            Comp.12
Standard deviation     1.925915e-07
Proportion of Variance 3.438621e-21
Cumulative Proportion  1.000000e+00

Loadings:
            Comp.1 Comp.2 Comp.3 Comp.4 Comp.5 Comp.6 Comp.7 Comp.8 Comp.9 Comp.10 Comp.11 Comp.12
qCount             -0.749        -0.107  0.620 -0.102        -0.120                 0.120         
aCount             -0.648               -0.729  0.105                              -0.119         
qFreq                                    0.195  0.116  0.261  0.153        -0.370  -0.848         
aFreq                                    0.110  0.200  0.229  0.908         0.104   0.242         
qaRatio                                        -0.157 -0.229  0.107         0.848  -0.436         
varPacket    0.707        -0.698  0.104                                                           
avgPacket                        -0.700               -0.595  0.189        -0.221          -0.214 
varUDP       0.707         0.699                                                                  
avgUDP                    -0.128 -0.687                0.596 -0.193         0.221           0.214 
avgTimeBtwn                                     0.159               -0.986                        
varTimeBtwn                              0.119  0.930 -0.197 -0.186  0.163  0.145                 
diffPorts                                             -0.267                                0.953 

               Comp.1 Comp.2 Comp.3 Comp.4 Comp.5 Comp.6 Comp.7 Comp.8 Comp.9 Comp.10 Comp.11 Comp.12
SS loadings     1.000  1.000  1.000  1.000  1.000  1.000  1.000  1.000  1.000   1.000   1.000   1.000
Proportion Var  0.083  0.083  0.083  0.083  0.083  0.083  0.083  0.083  0.083   0.083   0.083   0.083
Cumulative Var  0.083  0.167  0.250  0.333  0.417  0.500  0.583  0.667  0.750   0.833   0.917   1.000
